../Data/Map/Texture/SpreatTexture.bmp
none
none
../Data/Map/Texture/castle.jpg
none
9
-1.000000 0.176738 1.000000 0.000000 1.000000 0.000000 1.000000 1.000000 1.000000 1.000000 0.000000 0.000000
0.000000 0.176738 1.000000 0.000000 1.000000 0.000000 1.000000 1.000000 1.000000 1.000000 0.500000 0.000000
1.000000 0.176738 1.000000 0.000000 1.000000 0.000000 1.000000 1.000000 1.000000 1.000000 1.000000 0.000000
-1.000000 0.176738 -0.000000 0.000000 1.000000 0.000000 1.000000 1.000000 1.000000 1.000000 0.000000 0.500000
0.000000 0.176738 -0.000000 0.000000 1.000000 0.000000 1.000000 1.000000 1.000000 1.000000 0.500000 0.500000
1.000000 0.176738 -0.000000 -0.010651 0.999887 0.010651 1.000000 1.000000 1.000000 1.000000 1.000000 0.500000
-1.000000 0.176738 -1.000000 0.000000 1.000000 0.000000 1.000000 1.000000 1.000000 1.000000 0.000000 1.000000
0.000000 0.176738 -1.000000 -0.010651 0.999887 0.010651 1.000000 1.000000 1.000000 1.000000 0.500000 1.000000
1.000000 0.208716 -1.000000 -0.031945 0.998979 0.031945 1.000000 1.000000 1.000000 1.000000 1.000000 1.000000
24
0
1
3
3
1
4
1
2
4
4
2
5
3
4
6
6
4
7
4
5
7
7
5
8
